market,link,price,name,date,datetime,stock
torecolo,/shop/g/g025-098-S12-B/,33,【ポケカ】Ｕ◇ライチ,2023-01-11,2023-01-11 09:50:48,19
