market,link,price,name,date,datetime,stock
cardrush,https://www.cardrush-pokemon.jp/product/14638,480,サンダース114/S,2022-11-22,2022-11-22 10:22:59,17
cardrush,https://www.cardrush-pokemon.jp/product/30439,380,サンダース114/S,2022-11-22,2022-11-22 10:22:59,5
cardrush,https://www.cardrush-pokemon.jp/product/19227,120,サンダース114/S,2022-11-22,2022-11-22 10:22:59,0
cardrush,https://www.cardrush-pokemon.jp/product/14927,180,サンダース114/S,2022-11-22,2022-11-22 10:22:59,0
