market,link,price,name,date,datetime,stock
hareruya2,https://www.hareruya2.com/product/22931,50,ヤンヤンマ(C){草,2022-12-02,2022-12-02 08:24:37,39
