market,link,price,name,date,datetime,stock
cardrush,https://www.cardrush-pokemon.jp/product/37560,30,コバルオン068/0,2022-12-11,2022-12-11 09:46:11,138
