market,link,price,name,date,datetime,stock
cardrush,https://www.cardrush-pokemon.jp/product/23585,80,アーマーガアV309,2022-12-18,2022-12-18 06:48:14,0
cardrush,https://www.cardrush-pokemon.jp/product/23586,80,アーマーガアV309,2022-12-18,2022-12-18 06:48:14,0
cardrush,https://www.cardrush-pokemon.jp/product/33245,70,アーマーガアV309,2022-12-18,2022-12-18 06:48:14,0
