market,link,price,name,date,datetime,stock
torecolo,/shop/g/g037-071-S10A-BM/,44,【ポケカ】Ｃ）ミラー,2022-11-06,2022-11-06 15:17:05,0
torecolo,/shop/g/g037-071-S10A-B/,33,【ポケカ】Ｃ）通常仕,2022-11-06,2022-11-06 15:17:05,6
