market,link,price,name,date,datetime,stock
cardrush,https://www.cardrush-pokemon.jp/product/23460,30,カラカラ214/41,2022-12-05,2022-12-05 06:27:31,3
