market,link,price,name,date,datetime,stock
hareruya2,https://www.hareruya2.com/product/17257,8000,基本草エネルギー*ポ,2022-12-05,2022-12-05 14:06:51,0
