market,link,price,name,date,datetime,stock
magi,/items/1056861431,100,ミミロップ C 08,2022-12-16,2022-12-16 09:12:13,1
magi,/items/1795276742,100,ミミロップ C 08,2022-12-16,2022-12-16 09:12:13,1
magi,/items/1548459016,100,ミミロップ C 08,2022-12-16,2022-12-16 09:12:13,1
magi,/items/2116279154,100,ミミロップ C 08,2022-12-16,2022-12-16 09:12:13,1
magi,/items/1545389661,25,1枚25円 s11 ,2022-12-16,2022-12-16 09:12:13,1
