market,link,price,name,date,datetime,stock
torecolo,/shop/g/g113-414-SI-B/,33,【ポケカ】ＳＳ◇ヨワ,2023-01-05,2023-01-05 06:16:56,0
