market,link,price,name,date,datetime,stock
torecolo,/shop/g/g109-414-SI-BM/,55,【ポケカ】ＳＳ）ミラ,2022-12-13,2022-12-13 06:17:03,3
torecolo,/shop/g/g109-414-SI-B/,33,【ポケカ】ＳＳ）通常,2022-12-13,2022-12-13 06:17:03,4
