market,link,price,name,date,datetime,stock
hareruya2,https://www.hareruya2.com/product/22688,50,ムウマージ(U){超,2022-12-27,2022-12-27 07:46:38,30
hareruya2,https://www.hareruya2.com/product/22745,100,ムウマージ:ミラー(,2022-12-27,2022-12-27 07:46:38,45
