market,link,price,name,date,datetime,stock
cardrush,https://www.cardrush-pokemon.jp/product/24313,30,ピッピ041/100,2022-12-19,2022-12-19 07:23:15,53
