market,link,price,name,date,datetime,stock
hareruya2,https://www.hareruya2.com/product/21971,50,いかついメット(D),2022-11-22,2022-11-22 06:46:13,1
