market,link,price,name,date,datetime,stock
hareruya2,https://www.hareruya2.com/product/21459,100,トロピウス:ミラー(,2022-12-27,2022-12-27 06:02:24,34
hareruya2,https://www.hareruya2.com/product/21626,50,トロピウス(D){草,2022-12-27,2022-12-27 06:02:24,13
