market,link,price,name,date,datetime,stock
torecolo,/shop/g/g080-067-S9A-B/,880,【ポケカ】ＳＲ◇シマ,2023-01-06,2023-01-06 07:56:46,2
