market,link,price,name,date,datetime,stock
cardrush,https://www.cardrush-pokemon.jp/product/37313,1480,基本鋼エネルギー33,2022-11-26,2022-11-26 14:04:15,3
