market,link,price,name,date,datetime,stock
cardrush,https://www.cardrush-pokemon.jp/product/33638,30,ランドロス006/0,2022-12-05,2022-12-05 07:37:08,130
