market,link,price,name,date,datetime,stock
hareruya2,https://www.hareruya2.com/product/22979,100,オリジンディアルガV,2022-11-10,2022-11-10 08:27:53,192
