market,link,price,name,date,datetime,stock
torecolo,/shop/g/g075-100-S9-B/,77,【ポケカ】Ｒ◇ガブリ,2022-12-03,2022-12-03 07:05:45,27
