market,link,price,name,date,datetime,stock
magi,/items/1931454505,100,【100円セール】ケ,2023-01-10,2023-01-10 08:32:32,1
magi,/items/987281652,199,【特価】ケッキングV,2023-01-10,2023-01-10 08:32:32,1
magi,/items/35712750,100,ケッキングV RR ,2023-01-10,2023-01-10 08:32:32,1
magi,/items/747706725,150,ケッキングV RR ,2023-01-10,2023-01-10 08:32:32,1
magi,/items/1927032662,180,ケッキングV RR ,2023-01-10,2023-01-10 08:32:32,1
magi,/items/840490338,300,ケッキングV RR ,2023-01-10,2023-01-10 08:32:32,1
magi,/items/920769740,200,ケッキングV RR ,2023-01-10,2023-01-10 08:32:32,1
magi,/items/15497303,100,ケッキングV RR ,2023-01-10,2023-01-10 08:32:32,1
magi,/items/1425536136,150,ケッキングV RR ,2023-01-10,2023-01-10 08:32:32,1
magi,/items/376594817,200,ケッキングV RR ,2023-01-10,2023-01-10 08:32:32,1
magi,/items/2114589175,500,ケッキングV SR ,2023-01-10,2023-01-10 08:32:32,1
magi,/items/526428496,100,ケッキングV RR ,2023-01-10,2023-01-10 08:32:32,1
magi,/items/1534443801,100,ケッキングV RR ,2023-01-10,2023-01-10 08:32:32,1
magi,/items/1695534447,100,ケッキングV RR ,2023-01-10,2023-01-10 08:32:32,1
magi,/items/1075636414,100,ケッキングV RR ,2023-01-10,2023-01-10 08:32:32,1
magi,/items/1408365547,100,ケッキングV RR ,2023-01-10,2023-01-10 08:32:32,1
magi,/items/778986267,100,ケッキングV RR ,2023-01-10,2023-01-10 08:32:32,1
magi,/items/1745509764,218,ケッキングV(RR),2023-01-10,2023-01-10 08:32:32,1
magi,/items/1285427136,80,ケッキングV RR ,2023-01-10,2023-01-10 08:32:32,3
magi,/items/186190694,200,ケッキングV RR ,2023-01-10,2023-01-10 08:32:32,1
