market,link,price,name,date,datetime,stock
cardrush,https://www.cardrush-pokemon.jp/product/33702,780,ヒスイダイケンキV0,2022-12-09,2022-12-09 07:53:49,99
cardrush,https://www.cardrush-pokemon.jp/product/33888,580,ヒスイダイケンキV0,2022-12-09,2022-12-09 07:53:49,3
cardrush,https://www.cardrush-pokemon.jp/product/33795,730,ヒスイダイケンキV0,2022-12-09,2022-12-09 07:53:49,32
cardrush,https://www.cardrush-pokemon.jp/product/33981,320,ヒスイダイケンキV0,2022-12-09,2022-12-09 07:53:49,0
