market,link,price,name,date,datetime,stock
magi,/items/610795886,25,1枚25円 s12 ,2022-10-27,2022-10-27 11:09:46,1
