market,link,price,name,date,datetime,stock
torecolo,/shop/g/g009-068-S11A-B/,220,【ポケカ】Ｋ◇かがや,2023-01-03,2023-01-03 09:35:36,35
