market,link,price,name,date,datetime,stock
cardrush,https://www.cardrush-pokemon.jp/product/31711,70,ヨルノズク026/S,2022-12-17,2022-12-17 11:38:05,1
cardrush,https://www.cardrush-pokemon.jp/product/19881,80,ヨルノズク026/S,2022-12-17,2022-12-17 11:38:05,38
