market,link,price,name,date,datetime,stock
cardrush,https://www.cardrush-pokemon.jp/product/34670,30,ヒスイビリリダマ00,2022-12-07,2022-12-07 08:36:58,265
