market,link,price,name,date,datetime,stock
hareruya2,https://www.hareruya2.com/product/23103,1500,オリジンパルキアV(,2022-12-21,2022-12-21 08:42:17,0
