market,link,price,name,date,datetime,stock
hareruya2,https://www.hareruya2.com/product/23338,50,パラセクト(U){草,2022-12-25,2022-12-25 08:02:48,22
hareruya2,https://www.hareruya2.com/product/23409,50,パラセクト:ミラー(,2022-12-25,2022-12-25 08:02:48,44
