market,link,price,name,date,datetime,stock
cardrush,https://www.cardrush-pokemon.jp/product/31718,580,ポケモンごっこ057,2022-11-10,2022-11-10 09:52:10,2
cardrush,https://www.cardrush-pokemon.jp/product/19888,680,ポケモンごっこ057,2022-11-10,2022-11-10 09:52:10,22
cardrush,https://www.cardrush-pokemon.jp/product/21923,380,ポケモンごっこ057,2022-11-10,2022-11-10 09:52:10,12
