market,link,price,name,date,datetime,stock
cardrush,https://www.cardrush-pokemon.jp/product/23247,30,キュウコン047/4,2023-01-09,2023-01-09 06:07:01,8
cardrush,https://www.cardrush-pokemon.jp/product/23248,120,キュウコン047/4,2023-01-09,2023-01-09 06:07:01,0
