market,link,price,name,date,datetime,stock
torecolo,/shop/g/g036-068-S11A-BM/,110,【ポケカ】Ｃ）ミラー,2022-12-09,2022-12-09 09:33:21,5
torecolo,/shop/g/g036-068-S11A-B/,22,【ポケカ】Ｃ）通常仕,2022-12-09,2022-12-09 09:33:21,96
