market,link,price,name,date,datetime,stock
hareruya2,https://www.hareruya2.com/product/22951,150,レントラーV(RR),2022-11-13,2022-11-13 08:26:05,20
